Period,Company,Product,Alpha,Beta,Gamma,Delta,Epsilon
0,1 Red,Scarlet,0.52,0.39,0.41,0.4,
0,1 Red,Crimson,0.44,0.44,0.54,0.45,
0,2 Orange,Navel,0.69,0.76,0.68,0.69,
0,2 Orange,Mandarin,0.48,0.5,0.47,0.58,
0,3 Yellow,Sunshine,0.56,0.52,0.53,0.53,
0,3 Yellow,PostIt,0.68,0.67,0.76,0.67,
0,4 Green,Kermit,0.4,0.55,0.39,0.41,
0,4 Green,Leaf,0.54,0.53,0.53,0.58,
0,5 Blue,Ocean,0.5,0.54,0.5,0.5,
0,5 Blue,Sky,0.48,0.46,0.47,0.59,
0,6 Purple,Rain,0.63,0.54,0.56,0.56,
0,6 Purple,Grape,0.59,0.59,0.63,0.58,
1,1 Red,Scarlet,0.56,0.7,0.44,0.53,0.56
1,1 Red,Crimson,0.49,0.43,0.53,0.45,0.49
1,2 Orange,Navel,0.72,0.74,0.7,0.68,0.73
1,2 Orange,Mandarin,0.6,0.8,0.74,0.72,0.65
1,3 Yellow,Sunshine,0.62,0.53,0.63,0.62,0.62
1,3 Yellow,PostIt,0.71,0.64,0.73,0.66,0.71
1,4 Green,Kermit,0.4,0.53,0.48,0.41,0.45
1,4 Green,Leaf,0.52,0.51,0.51,0.58,0.51
1,4 Green,Duke,0.52,0.39,0.41,0.42,0.49
1,5 Blue,Ocean,0.48,0.58,0.48,0.5,0.49
1,5 Blue,Sky,0.46,0.44,0.48,0.55,0.44
1,5 Blue,Denim,0.37,0.36,0.37,0.4,0.36
1,5 Blue,Azul,0.37,0.35,0.36,0.35,0.37
1,6 Purple,Grape,0.57,0.63,0.61,0.59,0.58
1,6 Purple,Rain,0.74,0.68,0.75,0.75,0.74
2,1 Red,Scarlet,0.55,0.84,0.45,0.65,0.58
2,1 Red,Clay,0.36,0.36,0.36,0.39,0.36
2,1 Red,Crimson,0.56,0.5,0.52,0.51,0.55
2,2 Orange,Navel,0.8,0.74,0.72,0.71,0.78
2,2 Orange,Mandarin,0.75,0.85,0.85,0.83,0.82
2,3 Yellow,Sunshine,0.67,0.54,0.8,0.65,0.72
2,3 Yellow,PostIt,0.79,0.65,0.73,0.68,0.77
2,3 Yellow,StickIt,0.6,0.67,0.52,0.53,0.59
2,3 Yellow,Storm,0.5,0.59,0.5,0.74,0.49
2,4 Green,Kermit,0.54,0.56,0.81,0.52,0.67
2,4 Green,Leaf,0.54,0.56,0.53,0.68,0.52
2,4 Green,Duke,0.61,0.39,0.43,0.44,0.56
2,5 Blue,Ocean,0.45,0.54,0.45,0.47,0.46
2,5 Blue,Denim,0.4,0.43,0.4,0.55,0.39
2,5 Blue,Azul,0.64,0.43,0.47,0.47,0.58
2,6 Purple,Grape,0.66,0.71,0.65,0.63,0.66
2,6 Purple,Rain,0.74,0.68,0.8,0.78,0.76